3. Sort the sequence 4 6 8 2 9 5 1 7 3 by hand with:
Insertion sort:

4 6 8 2 9 5 1 7 3        |4 6 8 2 9 5 1 7 3
4 6 2 8 9 5 1 7 3         4|6 8 2 9 5 1 7 3
4 2 6 8 9 5 1 7 3         4 6|8 2 9 5 1 7 3
2 4 6 8 9 5 1 7 3         4 6 8|2 9 5 1 7 3
2 4 6 8 5 9 1 7 3         2 4 6 8|9 5 1 7 3
2 4 6 5 8 9 1 7 3         2 4 6 8 9|5 1 7 3
2 4 5 6 8 9 1 7 3         2 4 5 6 8 9|1 7 3
2 4 5 6 8 1 9 7 3         1 2 4 5 6 8 9|7 3
2 4 5 6 1 8 9 7 3         1 2 4 5 6 7 8 9|3
2 4 5 1 6 8 9 7 3         1 2 3 4 5 6 7 8 9|
2 4 1 5 6 8 9 7 3
2 1 4 5 6 8 9 7 3
1 2 4 5 6 8 9 7 3
1 2 4 5 6 8 7 9 3
1 2 4 5 6 7 8 9 3
1 2 4 5 6 7 8 3 9
1 2 4 5 6 7 3 8 9
1 2 4 5 6 3 7 8 9
1 2 4 5 3 6 7 8 9
1 2 4 3 5 6 7 8 9
1 2 3 4 5 6 7 8 9